--- Unique Values and Counts per Column ---

--- Unnamed: 0 (Total Unique: 1235) ---
Unnamed: 0
2       1
1420    1
1432    1
1431    1
1428    1
1425    1
1424    1
1423    1
1421    1
1417    1
1402    1
1416    1
1415    1
1414    1
1411    1
1408    1
1406    1
1405    1
1435    1
1436    1
1437    1
1440    1
1471    1
1470    1
1467    1
1466    1
1460    1
1459    1
1458    1
1457    1
1455    1
1453    1
1449    1
1448    1
1444    1
1442    1
1441    1
1403    1
1399    1
1620    1
1355    1
1364    1
1363    1
1362    1
1361    1
1360    1
1357    1
1356    1
1353    1
1397    1
1351    1
1348    1
1346    1
1344    1
1343    1
1341    1
1340    1
1367    1
1370    1
1372    1
1373    1
1396    1
1395    1
1394    1
1393    1
1392    1
1391    1
1388    1
1387    1
1385    1
1383    1
1382    1
1380    1
1379    1
1376    1
1375    1
1472    1
1473    1
1474    1
1562    1
1573    1
1572    1
1571    1
1568    1
1567    1
1564    1
1563    1
1561    1
1475    1
1560    1
1556    1
1555    1
1554    1
1553    1
1548    1
1547    1
1574    1
1575    1
1576    1
1579    1
1618    1
1617    1
1612    1
1611    1
1610    1
1609    1
1600    1
1596    1
1595    1
1592    1
1590    1
1588    1
1586    1
1585    1
1582    1
1545    1
1543    1
1539    1
1495    1
1492    1
1491    1
1490    1
1489    1
1488    1
1487    1
1486    1
1485    1
1484    1
1483    1
1482    1
1480    1
1479    1
1478    1
1476    1
1494    1
1497    1
1538    1
1500    1
1536    1
1534    1
1533    1
1530    1
1525    1
1524    1
1523    1
1521    1
1519    1
1514    1
1513    1
1512    1
1510    1
1507    1
1501    1
1338    1
1337    1
1336    1
1173    1
1182    1
1181    1
1180    1
1178    1
1177    1
1175    1
1174    1
1172    1
1224    1
1171    1
1165    1
1164    1
1160    1
1158    1
1157    1
1155    1
1183    1
1184    1
1189    1
1194    1
1221    1
1220    1
1219    1
1218    1
1217    1
1216    1
1215    1
1214    1
1208    1
1207    1
1206    1
1202    1
1200    1
1199    1
1195    1
1154    1
1152    1
1151    1
1121    1
1112    1
1111    1
1110    1
1105    1
1104    1
1103    1
1102    1
1101    1
1099    1
1098    1
1096    1
1094    1
1093    1
1092    1
1091    1
1115    1
1122    1
1150    1
1123    1
1149    1
1148    1
1147    1
1146    1
1145    1
1142    1
1138    1
1136    1
1135    1
1134    1
1132    1
1131    1
1130    1
1127    1
1125    1
1223    1
1225    1
1334    1
1296    1
1304    1
1303    1
1302    1
1301    1
1300    1
1299    1
1298    1
1295    1
1226    1
1294    1
1293    1
1291    1
1290    1
1288    1
1287    1
1286    1
1307    1
1308    1
1309    1
1310    1
1333    1
1330    1
1329    1
1328    1
1327    1
1326    1
1325    1
1324    1
1323    1
1319    1
1318    1
1317    1
1315    1
1313    1
1311    1
1285    1
1284    1
1283    1
1253    1
1251    1
1250    1
1249    1
1248    1
1245    1
1241    1
1238    1
1236    1
1235    1
1233    1
1232    1
1230    1
1229    1
1228    1
1227    1
1252    1
1254    1
1282    1
1255    1
1280    1
1278    1
1277    1
1273    1
1272    1
1270    1
1269    1
1266    1
1264    1
1263    1
1262    1
1261    1
1259    1
1258    1
1257    1
1619    1
1621    1
1084    1
2001    1
2008    1
2007    1
2006    1
2005    1
2004    1
2003    1
2002    1
2000    1
1990    1
1999    1
1998    1
1996    1
1995    1
1994    1
1993    1
1992    1
2009    1
2010    1
2012    1
2015    1
2040    1
2038    1
2035    1
2034    1
2033    1
2032    1
2031    1
2030    1
2028    1
2026    1
2024    1
2023    1
2022    1
2019    1
2018    1
1991    1
1989    1
1622    1
1946    1
1957    1
1956    1
1953    1
1952    1
1951    1
1948    1
1947    1
1945    1
1988    1
1944    1
1943    1
1940    1
1939    1
1938    1
1936    1
1934    1
1958    1
1962    1
1963    1
1964    1
1987    1
1986    1
1985    1
1984    1
1983    1
1981    1
1980    1
1976    1
1975    1
1972    1
1971    1
1970    1
1969    1
1966    1
1965    1
2041    1
2042    1
2043    1
2115    1
2124    1
2123    1
2121    1
2120    1
2118    1
2117    1
2116    1
2113    1
2046    1
2112    1
2109    1
2108    1
2105    1
2104    1
2103    1
2102    1
2125    1
2126    1
2127    1
2129    1
2157    1
2156    1
2152    1
2149    1
2148    1
2144    1
2142    1
2141    1
2140    1
2139    1
2137    1
2136    1
2135    1
2131    1
2130    1
2101    1
2100    1
2099    1
2067    1
2065    1
2063    1
2062    1
2061    1
2060    1
2058    1
2057    1
2056    1
2055    1
2054    1
2052    1
2051    1
2050    1
2049    1
2047    1
2066    1
2071    1
2098    1
2073    1
2097    1
2096    1
2093    1
2091    1
2085    1
2084    1
2083    1
2082    1
2081    1
2080    1
2078    1
2077    1
2076    1
2075    1
2074    1
1932    1
1930    1
1929    1
1705    1
1721    1
1720    1
1719    1
1714    1
1712    1
1707    1
1706    1
1702    1
1767    1
1701    1
1699    1
1698    1
1696    1
1695    1
1694    1
1692    1
1723    1
1724    1
1725    1
1726    1
1761    1
1760    1
1759    1
1758    1
1757    1
1754    1
1753    1
1752    1
1751    1
1750    1
1748    1
1745    1
1740    1
1728    1
1727    1
1691    1
1682    1
1681    1
1656    1
1654    1
1653    1
1652    1
1650    1
1646    1
1644    1
1643    1
1638    1
1637    1
1635    1
1633    1
1632    1
1630    1
1628    1
1625    1
1655    1
1657    1
1680    1
1658    1
1678    1
1677    1
1676    1
1675    1
1674    1
1673    1
1672    1
1670    1
1667    1
1666    1
1665    1
1664    1
1663    1
1662    1
1659    1
1764    1
1770    1
1925    1
1878    1
1896    1
1895    1
1894    1
1891    1
1889    1
1888    1
1884    1
1877    1
1771    1
1874    1
1873    1
1872    1
1871    1
1864    1
1861    1
1858    1
1897    1
1899    1
1902    1
1903    1
1924    1
1923    1
1922    1
1921    1
1918    1
1915    1
1914    1
1913    1
1911    1
1909    1
1908    1
1907    1
1906    1
1905    1
1904    1
1857    1
1856    1
1855    1
1822    1
1819    1
1811    1
1805    1
1804    1
1803    1
1800    1
1796    1
1793    1
1792    1
1789    1
1788    1
1777    1
1775    1
1774    1
1772    1
1820    1
1823    1
1854    1
1824    1
1851    1
1850    1
1849    1
1847    1
1841    1
1839    1
1838    1
1837    1
1832    1
1831    1
1830    1
1828    1
1827    1
1826    1
1825    1
1090    1
1079    1
3       1
376     1
383     1
382     1
381     1
380     1
379     1
378     1
377     1
375     1
357     1
373     1
372     1
371     1
370     1
369     1
367     1
366     1
384     1
385     1
386     1
387     1
414     1
413     1
411     1
409     1
408     1
401     1
400     1
396     1
395     1
394     1
393     1
392     1
391     1
389     1
388     1
358     1
356     1
559     1
292     1
305     1
304     1
301     1
299     1
298     1
297     1
295     1
291     1
354     1
290     1
288     1
279     1
278     1
277     1
272     1
271     1
306     1
310     1
314     1
315     1
353     1
352     1
348     1
343     1
340     1
337     1
333     1
332     1
331     1
329     1
328     1
327     1
324     1
323     1
317     1
415     1
416     1
417     1
513     1
527     1
526     1
524     1
521     1
518     1
517     1
514     1
512     1
421     1
510     1
509     1
508     1
506     1
504     1
503     1
499     1
528     1
530     1
531     1
532     1
556     1
555     1
554     1
553     1
552     1
547     1
546     1
545     1
543     1
542     1
541     1
540     1
539     1
538     1
537     1
497     1
496     1
494     1
459     1
455     1
453     1
451     1
450     1
449     1
448     1
437     1
434     1
433     1
430     1
427     1
426     1
425     1
424     1
423     1
458     1
463     1
490     1
466     1
489     1
487     1
486     1
485     1
482     1
480     1
478     1
477     1
476     1
474     1
473     1
472     1
471     1
468     1
467     1
269     1
268     1
267     1
86      1
94      1
92      1
91      1
90      1
89      1
88      1
87      1
85      1
131     1
84      1
83      1
82      1
81      1
80      1
77      1
76      1
95      1
98      1
99      1
100     1
128     1
127     1
126     1
122     1
121     1
120     1
119     1
117     1
112     1
108     1
106     1
105     1
104     1
102     1
101     1
75      1
74      1
72      1
39      1
32      1
30      1
29      1
27      1
26      1
25      1
23      1
22      1
21      1
14      1
13      1
11      1
8       1
7       1
4       1
36      1
40      1
67      1
42      1
66      1
65      1
64      1
59      1
58      1
57      1
54      1
53      1
52      1
51      1
49      1
48      1
45      1
44      1
43      1
130     1
132     1
265     1
216     1
234     1
227     1
226     1
222     1
221     1
218     1
217     1
215     1
133     1
213     1
207     1
206     1
202     1
201     1
200     1
198     1
238     1
239     1
241     1
242     1
264     1
262     1
261     1
260     1
259     1
258     1
255     1
254     1
253     1
250     1
249     1
247     1
246     1
245     1
243     1
197     1
196     1
193     1
165     1
158     1
157     1
155     1
154     1
153     1
151     1
149     1
144     1
143     1
142     1
141     1
138     1
136     1
135     1
134     1
160     1
167     1
192     1
168     1
189     1
188     1
187     1
186     1
185     1
184     1
180     1
177     1
176     1
175     1
174     1
172     1
171     1
170     1
169     1
557     1
560     1
1077    1
907     1
917     1
914     1
913     1
911     1
910     1
909     1
908     1
906     1
892     1
905     1
904     1
903     1
902     1
901     1
900     1
894     1
918     1
919     1
921     1
922     1
940     1
939     1
937     1
935     1
934     1
933     1
932     1
931     1
930     1
929     1
927     1
926     1
925     1
924     1
923     1
893     1
886     1
562     1
843     1
857     1
856     1
854     1
853     1
851     1
845     1
844     1
840     1
882     1
835     1
832     1
830     1
829     1
828     1
827     1
826     1
858     1
860     1
861     1
862     1
881     1
880     1
877     1
876     1
874     1
873     1
872     1
871     1
870     1
869     1
867     1
866     1
865     1
864     1
863     1
941     1
945     1
947     1
1019    1
1038    1
1037    1
1036    1
1034    1
1033    1
1024    1
1023    1
1017    1
948     1
1016    1
1014    1
1013    1
1012    1
1011    1
1010    1
1009    1
1042    1
1043    1
1046    1
1048    1
1074    1
1073    1
1071    1
1070    1
1069    1
1067    1
1064    1
1063    1
1062    1
1061    1
1060    1
1059    1
1058    1
1055    1
1052    1
1008    1
1007    1
1006    1
979     1
974     1
971     1
970     1
969     1
965     1
960     1
959     1
957     1
955     1
954     1
953     1
952     1
951     1
950     1
949     1
977     1
983     1
1005    1
984     1
1002    1
1001    1
1000    1
998     1
997     1
996     1
995     1
994     1
993     1
992     1
991     1
990     1
989     1
987     1
986     1
824     1
823     1
822     1
640     1
651     1
650     1
649     1
648     1
646     1
645     1
643     1
639     1
696     1
638     1
637     1
636     1
635     1
632     1
631     1
629     1
652     1
653     1
654     1
655     1
691     1
687     1
686     1
681     1
677     1
676     1
674     1
671     1
670     1
668     1
660     1
659     1
658     1
657     1
656     1
626     1
622     1
621     1
582     1
580     1
579     1
578     1
576     1
575     1
574     1
573     1
571     1
570     1
569     1
568     1
567     1
565     1
564     1
563     1
581     1
583     1
620     1
585     1
618     1
617     1
614     1
613     1
611     1
608     1
606     1
605     1
603     1
602     1
598     1
597     1
592     1
591     1
588     1
695     1
698     1
821     1
781     1
792     1
791     1
790     1
788     1
787     1
786     1
782     1
779     1
699     1
777     1
774     1
772     1
771     1
770     1
769     1
768     1
793     1
794     1
796     1
798     1
820     1
817     1
816     1
815     1
814     1
813     1
811     1
809     1
808     1
806     1
805     1
804     1
803     1
802     1
801     1
766     1
764     1
762     1
727     1
725     1
724     1
723     1
722     1
721     1
720     1
718     1
717     1
716     1
714     1
712     1
706     1
705     1
703     1
702     1
726     1
728     1
759     1
731     1
758     1
757     1
756     1
755     1
754     1
752     1
751     1
749     1
748     1
747     1
746     1
744     1
739     1
736     1
735     1
2161    1

--- No_All (Total Unique: 1235) ---
No_All
3       1
1421    1
1433    1
1432    1
1429    1
1426    1
1425    1
1424    1
1422    1
1418    1
1403    1
1417    1
1416    1
1415    1
1412    1
1409    1
1407    1
1406    1
1436    1
1437    1
1438    1
1441    1
1472    1
1471    1
1468    1
1467    1
1461    1
1460    1
1459    1
1458    1
1456    1
1454    1
1450    1
1449    1
1445    1
1443    1
1442    1
1404    1
1400    1
1621    1
1356    1
1365    1
1364    1
1363    1
1362    1
1361    1
1358    1
1357    1
1354    1
1398    1
1352    1
1349    1
1347    1
1345    1
1344    1
1342    1
1341    1
1368    1
1371    1
1373    1
1374    1
1397    1
1396    1
1395    1
1394    1
1393    1
1392    1
1389    1
1388    1
1386    1
1384    1
1383    1
1381    1
1380    1
1377    1
1376    1
1473    1
1474    1
1475    1
1563    1
1574    1
1573    1
1572    1
1569    1
1568    1
1565    1
1564    1
1562    1
1476    1
1561    1
1557    1
1556    1
1555    1
1554    1
1549    1
1548    1
1575    1
1576    1
1577    1
1580    1
1619    1
1618    1
1613    1
1612    1
1611    1
1610    1
1601    1
1597    1
1596    1
1593    1
1591    1
1589    1
1587    1
1586    1
1583    1
1546    1
1544    1
1540    1
1496    1
1493    1
1492    1
1491    1
1490    1
1489    1
1488    1
1487    1
1486    1
1485    1
1484    1
1483    1
1481    1
1480    1
1479    1
1477    1
1495    1
1498    1
1539    1
1501    1
1537    1
1535    1
1534    1
1531    1
1526    1
1525    1
1524    1
1522    1
1520    1
1515    1
1514    1
1513    1
1511    1
1508    1
1502    1
1339    1
1338    1
1337    1
1174    1
1183    1
1182    1
1181    1
1179    1
1178    1
1176    1
1175    1
1173    1
1225    1
1172    1
1166    1
1165    1
1161    1
1159    1
1158    1
1156    1
1184    1
1185    1
1190    1
1195    1
1222    1
1221    1
1220    1
1219    1
1218    1
1217    1
1216    1
1215    1
1209    1
1208    1
1207    1
1203    1
1201    1
1200    1
1196    1
1155    1
1153    1
1152    1
1122    1
1113    1
1112    1
1111    1
1106    1
1105    1
1104    1
1103    1
1102    1
1100    1
1099    1
1097    1
1095    1
1094    1
1093    1
1092    1
1116    1
1123    1
1151    1
1124    1
1150    1
1149    1
1148    1
1147    1
1146    1
1143    1
1139    1
1137    1
1136    1
1135    1
1133    1
1132    1
1131    1
1128    1
1126    1
1224    1
1226    1
1335    1
1297    1
1305    1
1304    1
1303    1
1302    1
1301    1
1300    1
1299    1
1296    1
1227    1
1295    1
1294    1
1292    1
1291    1
1289    1
1288    1
1287    1
1308    1
1309    1
1310    1
1311    1
1334    1
1331    1
1330    1
1329    1
1328    1
1327    1
1326    1
1325    1
1324    1
1320    1
1319    1
1318    1
1316    1
1314    1
1312    1
1286    1
1285    1
1284    1
1254    1
1252    1
1251    1
1250    1
1249    1
1246    1
1242    1
1239    1
1237    1
1236    1
1234    1
1233    1
1231    1
1230    1
1229    1
1228    1
1253    1
1255    1
1283    1
1256    1
1281    1
1279    1
1278    1
1274    1
1273    1
1271    1
1270    1
1267    1
1265    1
1264    1
1263    1
1262    1
1260    1
1259    1
1258    1
1620    1
1622    1
1085    1
2252    1
2259    1
2258    1
2257    1
2256    1
2255    1
2254    1
2253    1
2251    1
2241    1
2250    1
2249    1
2247    1
2246    1
2245    1
2244    1
2243    1
2260    1
2261    1
2263    1
2266    1
2291    1
2289    1
2286    1
2285    1
2284    1
2283    1
2282    1
2281    1
2279    1
2277    1
2275    1
2274    1
2273    1
2270    1
2269    1
2242    1
2240    1
1623    1
2197    1
2208    1
2207    1
2204    1
2203    1
2202    1
2199    1
2198    1
2196    1
2239    1
2195    1
2194    1
2191    1
2190    1
2189    1
2187    1
2185    1
2209    1
2213    1
2214    1
2215    1
2238    1
2237    1
2236    1
2235    1
2234    1
2232    1
2231    1
2227    1
2226    1
2223    1
2222    1
2221    1
2220    1
2217    1
2216    1
2292    1
2293    1
2294    1
2434    1
2443    1
2442    1
2440    1
2439    1
2437    1
2436    1
2435    1
2432    1
2297    1
2431    1
2428    1
2427    1
2424    1
2423    1
2422    1
2421    1
2444    1
2445    1
2446    1
2448    1
2476    1
2475    1
2471    1
2468    1
2467    1
2463    1
2461    1
2460    1
2459    1
2458    1
2456    1
2455    1
2454    1
2450    1
2449    1
2420    1
2419    1
2418    1
2318    1
2316    1
2314    1
2313    1
2312    1
2311    1
2309    1
2308    1
2307    1
2306    1
2305    1
2303    1
2302    1
2301    1
2300    1
2298    1
2317    1
2322    1
2417    1
2324    1
2416    1
2415    1
2412    1
2410    1
2404    1
2403    1
2402    1
2333    1
2332    1
2331    1
2329    1
2328    1
2327    1
2326    1
2325    1
2183    1
2181    1
2180    1
1706    1
1722    1
1721    1
1720    1
1715    1
1713    1
1708    1
1707    1
1703    1
1768    1
1702    1
1700    1
1699    1
1697    1
1696    1
1695    1
1693    1
1724    1
1725    1
1726    1
1727    1
1762    1
1761    1
1760    1
1759    1
1758    1
1755    1
1754    1
1753    1
1752    1
1751    1
1749    1
1746    1
1741    1
1729    1
1728    1
1692    1
1683    1
1682    1
1657    1
1655    1
1654    1
1653    1
1651    1
1647    1
1645    1
1644    1
1639    1
1638    1
1636    1
1634    1
1633    1
1631    1
1629    1
1626    1
1656    1
1658    1
1681    1
1659    1
1679    1
1678    1
1677    1
1676    1
1675    1
1674    1
1673    1
1671    1
1668    1
1667    1
1666    1
1665    1
1664    1
1663    1
1660    1
1765    1
1771    1
2176    1
1879    1
2147    1
2146    1
2145    1
1892    1
1890    1
1889    1
1885    1
1878    1
1772    1
1875    1
1874    1
1873    1
1872    1
1865    1
1862    1
1859    1
2148    1
2150    1
2153    1
2154    1
2175    1
2174    1
2173    1
2172    1
2169    1
2166    1
2165    1
2164    1
2162    1
2160    1
2159    1
2158    1
2157    1
2156    1
2155    1
1858    1
1857    1
1856    1
1823    1
1820    1
1812    1
1806    1
1805    1
1804    1
1801    1
1797    1
1794    1
1793    1
1790    1
1789    1
1778    1
1776    1
1775    1
1773    1
1821    1
1824    1
1855    1
1825    1
1852    1
1851    1
1850    1
1848    1
1842    1
1840    1
1839    1
1838    1
1833    1
1832    1
1831    1
1829    1
1828    1
1827    1
1826    1
1091    1
1080    1
4       1
377     1
384     1
383     1
382     1
381     1
380     1
379     1
378     1
376     1
358     1
374     1
373     1
372     1
371     1
370     1
368     1
367     1
385     1
386     1
387     1
388     1
415     1
414     1
412     1
410     1
409     1
402     1
401     1
397     1
396     1
395     1
394     1
393     1
392     1
390     1
389     1
359     1
357     1
560     1
293     1
306     1
305     1
302     1
300     1
299     1
298     1
296     1
292     1
355     1
291     1
289     1
280     1
279     1
278     1
273     1
272     1
307     1
311     1
315     1
316     1
354     1
353     1
349     1
344     1
341     1
338     1
334     1
333     1
332     1
330     1
329     1
328     1
325     1
324     1
318     1
416     1
417     1
418     1
514     1
528     1
527     1
525     1
522     1
519     1
518     1
515     1
513     1
422     1
511     1
510     1
509     1
507     1
505     1
504     1
500     1
529     1
531     1
532     1
533     1
557     1
556     1
555     1
554     1
553     1
548     1
547     1
546     1
544     1
543     1
542     1
541     1
540     1
539     1
538     1
498     1
497     1
495     1
460     1
456     1
454     1
452     1
451     1
450     1
449     1
438     1
435     1
434     1
431     1
428     1
427     1
426     1
425     1
424     1
459     1
464     1
491     1
467     1
490     1
488     1
487     1
486     1
483     1
481     1
479     1
478     1
477     1
475     1
474     1
473     1
472     1
469     1
468     1
270     1
269     1
268     1
87      1
95      1
93      1
92      1
91      1
90      1
89      1
88      1
86      1
132     1
85      1
84      1
83      1
82      1
81      1
78      1
77      1
96      1
99      1
100     1
101     1
129     1
128     1
127     1
123     1
122     1
121     1
120     1
118     1
113     1
109     1
107     1
106     1
105     1
103     1
102     1
76      1
75      1
73      1
40      1
33      1
31      1
30      1
28      1
27      1
26      1
24      1
23      1
22      1
15      1
14      1
12      1
9       1
8       1
5       1
37      1
41      1
68      1
43      1
67      1
66      1
65      1
60      1
59      1
58      1
55      1
54      1
53      1
52      1
50      1
49      1
46      1
45      1
44      1
131     1
133     1
266     1
217     1
235     1
228     1
227     1
223     1
222     1
219     1
218     1
216     1
134     1
214     1
208     1
207     1
203     1
202     1
201     1
199     1
239     1
240     1
242     1
243     1
265     1
263     1
262     1
261     1
260     1
259     1
256     1
255     1
254     1
251     1
250     1
248     1
247     1
246     1
244     1
198     1
197     1
194     1
166     1
159     1
158     1
156     1
155     1
154     1
152     1
150     1
145     1
144     1
143     1
142     1
139     1
137     1
136     1
135     1
161     1
168     1
193     1
169     1
190     1
189     1
188     1
187     1
186     1
185     1
181     1
178     1
177     1
176     1
175     1
173     1
172     1
171     1
170     1
558     1
561     1
1078    1
908     1
918     1
915     1
914     1
912     1
911     1
910     1
909     1
907     1
893     1
906     1
905     1
904     1
903     1
902     1
901     1
895     1
919     1
920     1
922     1
923     1
941     1
940     1
938     1
936     1
935     1
934     1
933     1
932     1
931     1
930     1
928     1
927     1
926     1
925     1
924     1
894     1
887     1
563     1
844     1
858     1
857     1
855     1
854     1
852     1
846     1
845     1
841     1
883     1
836     1
833     1
831     1
830     1
829     1
828     1
827     1
859     1
861     1
862     1
863     1
882     1
881     1
878     1
877     1
875     1
874     1
873     1
872     1
871     1
870     1
868     1
867     1
866     1
865     1
864     1
942     1
946     1
948     1
1020    1
1039    1
1038    1
1037    1
1035    1
1034    1
1025    1
1024    1
1018    1
949     1
1017    1
1015    1
1014    1
1013    1
1012    1
1011    1
1010    1
1043    1
1044    1
1047    1
1049    1
1075    1
1074    1
1072    1
1071    1
1070    1
1068    1
1065    1
1064    1
1063    1
1062    1
1061    1
1060    1
1059    1
1056    1
1053    1
1009    1
1008    1
1007    1
980     1
975     1
972     1
971     1
970     1
966     1
961     1
960     1
958     1
956     1
955     1
954     1
953     1
952     1
951     1
950     1
978     1
984     1
1006    1
985     1
1003    1
1002    1
1001    1
999     1
998     1
997     1
996     1
995     1
994     1
993     1
992     1
991     1
990     1
988     1
987     1
825     1
824     1
823     1
641     1
652     1
651     1
650     1
649     1
647     1
646     1
644     1
640     1
697     1
639     1
638     1
637     1
636     1
633     1
632     1
630     1
653     1
654     1
655     1
656     1
692     1
688     1
687     1
682     1
678     1
677     1
675     1
672     1
671     1
669     1
661     1
660     1
659     1
658     1
657     1
627     1
623     1
622     1
583     1
581     1
580     1
579     1
577     1
576     1
575     1
574     1
572     1
571     1
570     1
569     1
568     1
566     1
565     1
564     1
582     1
584     1
621     1
586     1
619     1
618     1
615     1
614     1
612     1
609     1
607     1
606     1
604     1
603     1
599     1
598     1
593     1
592     1
589     1
696     1
699     1
822     1
782     1
793     1
792     1
791     1
789     1
788     1
787     1
783     1
780     1
700     1
778     1
775     1
773     1
772     1
771     1
770     1
769     1
794     1
795     1
797     1
799     1
821     1
818     1
817     1
816     1
815     1
814     1
812     1
810     1
809     1
807     1
806     1
805     1
804     1
803     1
802     1
767     1
765     1
763     1
728     1
726     1
725     1
724     1
723     1
722     1
721     1
719     1
718     1
717     1
715     1
713     1
707     1
706     1
704     1
703     1
727     1
729     1
760     1
732     1
759     1
758     1
757     1
756     1
755     1
753     1
752     1
750     1
749     1
748     1
747     1
745     1
740     1
737     1
736     1
2480    1

--- CGC (Total Unique: 3) ---
CGC
tokyo        1057
wakamatsu     131
itabashi       47

--- date (Total Unique: 103) ---
date
2019-07-10    28
2022-05-11    26
2022-06-15    26
2019-02-13    25
2018-07-11    25
2019-09-11    25
2018-04-11    24
2018-06-13    24
2021-07-14    24
2020-07-08    23
2020-02-12    23
2019-06-12    22
2023-03-08    21
2022-10-12    21
2022-07-13    20
2020-09-09    20
2024-03-13    20
2022-09-07    19
2018-09-11    19
2021-04-14    19
2022-01-12    19
2023-06-14    18
2021-09-08    18
2023-07-12    18
2022-12-14    18
2020-08-12    18
2020-12-16    18
2021-11-10    18
2021-12-08    17
2021-08-11    17
2016-10-12    17
2019-12-11    17
2019-11-13    17
2020-11-11    16
2018-03-14    16
2019-03-13    16
2019-04-10    16
2022-04-13    16
2023-11-08    15
2019-08-06    15
2021-10-13    15
2018-05-09    15
2020-10-14    15
2023-08-09    14
2019-01-16    14
2024-01-10    13
2018-12-12    13
2018-10-10    13
2023-05-10    12
2018-11-14    11
2022-11-09    11
2018-08-07    11
2019-05-08    11
2019-10-09    11
2023-02-08    11
2023-01-11    10
2023-12-13    10
2024-02-14    10
2023-04-12     9
2022-08-10     9
2023-10-11     9
2021-10-21     8
2024-03-21     8
2020-03-11     8
2022-08-05     8
2020-01-08     8
2022-10-14     8
2022-11-25     8
2022-07-15     7
2023-12-21     7
2023-07-20     7
2022-09-16     6
2022-10-20     6
2023-09-21     5
2023-03-15     5
2023-01-19     5
2021-12-16     5
2022-06-23     5
2021-08-12     5
2022-04-21     5
2022-12-15     4
2023-02-16     4
2023-04-27     4
2022-09-01     4
2023-11-16     4
2022-08-19     3
2024-02-15     3
2023-02-02     3
2023-01-06     3
2022-12-01     3
2021-11-18     3
2022-01-20     3
2023-03-02     3
2024-01-18     3
2022-11-17     3
2023-08-23     3
2022-05-19     3
2023-06-15     3
2023-05-18     3
2022-02-17     2
2021-09-16     2
2022-07-21     2
2022-03-17     2

--- sex (Total Unique: 2) ---
sex
Female    685
Male      550

--- age_year (Total Unique: 16) ---
age_year
13    121
12    111
10    107
14    102
11     89
9      85
15     76
7      75
5      74
6      73
8      69
4      67
3      65
16     53
2      38
17     30

--- age_month (Total Unique: 12) ---
age_month
0     122
3     121
1     112
8     111
4     105
11    104
2     102
6      97
10     92
5      91
9      91
7      87

--- age (Total Unique: 191) ---
age
13.166667    16
13.666667    16
15.000000    16
12.666667    15
13.250000    14
13.083333    14
3.250000     13
12.166667    13
14.250000    13
11.083333    12
12.833333    12
7.666667     12
10.166667    12
14.000000    12
4.916667     11
10.083333    11
13.916667    11
12.500000    11
13.500000    11
9.083333     11
14.500000    11
15.083333    11
5.583333     11
8.500000     10
10.916667    10
10.000000    10
9.750000     10
6.666667     10
6.250000     10
8.000000     10
10.833333    10
14.083333    10
12.000000    10
10.333333    10
11.833333     9
14.916667     9
12.416667     9
12.916667     9
11.333333     9
5.250000      9
11.750000     9
10.750000     9
11.000000     9
14.416667     9
13.000000     9
14.666667     9
14.583333     8
3.166667      8
2.333333      8
11.666667     8
7.916667      8
5.333333      8
3.583333      8
2.916667      8
12.250000     8
10.666667     8
4.750000      8
9.000000      8
6.083333      8
16.333333     8
9.250000      8
10.583333     8
13.416667     8
13.333333     8
17.000000     7
9.833333      7
13.833333     7
5.083333      7
6.416667      7
14.833333     7
7.750000      7
5.750000      7
9.166667      7
8.250000      7
11.250000     7
10.500000     7
6.500000      7
12.083333     7
9.583333      7
8.166667      7
7.083333      7
14.333333     7
9.416667      7
11.583333     7
9.916667      7
5.500000      7
4.833333      7
11.500000     6
7.583333      6
5.416667      6
10.416667     6
4.500000      6
7.000000      6
7.250000      6
16.750000     6
12.750000     6
7.166667      6
6.333333      6
15.583333     6
15.416667     6
5.000000      6
8.833333      6
16.250000     6
15.833333     6
3.916667      6
12.333333     6
16.416667     6
10.250000     6
8.333333      6
11.166667     6
15.916667     6
6.000000      6
4.250000      6
16.916667     5
5.666667      5
9.333333      5
8.083333      5
12.583333     5
3.333333      5
3.000000      5
4.000000      5
4.583333      5
6.583333      5
3.750000      5
7.833333      5
8.916667      5
14.166667     5
4.166667      5
6.750000      5
7.333333      5
4.416667      5
6.166667      5
15.166667     5
17.333333     5
2.416667      5
8.666667      5
15.333333     5
9.666667      4
8.416667      4
15.666667     4
15.250000     4
16.833333     4
3.416667      4
3.500000      4
15.750000     4
13.750000     4
7.500000      4
4.333333      4
11.416667     4
16.500000     4
2.833333      4
16.666667     4
9.500000      4
13.583333     3
5.166667      3
16.083333     3
5.833333      3
15.500000     3
17.750000     3
4.666667      3
3.833333      3
6.916667      3
2.666667      3
2.750000      3
16.000000     3
7.416667      3
16.583333     3
11.916667     3
8.750000      3
17.666667     3
5.916667      2
17.250000     2
17.583333     2
2.250000      2
2.583333      2
3.666667      2
17.166667     2
17.416667     2
3.083333      2
14.750000     2
4.083333      2
17.833333     1
17.500000     1
17.916667     1
17.083333     1
2.083333      1
6.833333      1
2.166667      1
2.500000      1
16.166667     1
8.583333      1

--- abuse_1 (Total Unique: 1) ---
abuse_1
NaN    1235

--- abuse (Total Unique: 4) ---
abuse
Physical Abuse     646
Neglect            328
Emotional Abuse    201
Sexual Abuse        60

--- abuse_num (Total Unique: 1) ---
abuse_num
1    1235

--- U17 (Total Unique: 6) ---
U17
 NaN    791
 0.0    352
-1.0     43
 3.0     22
 2.0     15
 1.0     12

--- U16 (Total Unique: 6) ---
U16
 0.0    784
 NaN    317
 1.0     76
 3.0     31
 2.0     23
-1.0      4

--- U15 (Total Unique: 5) ---
U15
 NaN    677
 0.0    535
 1.0     11
-1.0      8
 2.0      4

--- U14 (Total Unique: 6) ---
U14
 0.0    638
 NaN    573
 2.0      9
 3.0      7
-1.0      5
 1.0      3

--- U13 (Total Unique: 6) ---
U13
 NaN    608
 0.0    602
 2.0     11
 3.0      7
-1.0      5
 1.0      2

--- U12 (Total Unique: 7) ---
U12
 0.0    790
 NaN    397
 3.0     20
 2.0     18
 1.0      5
-1.0      4
 6.0      1

--- U11 (Total Unique: 6) ---
U11
 0.0    844
 NaN    342
 3.0     25
 2.0     12
 1.0      8
-1.0      4

--- U21 (Total Unique: 6) ---
U21
 0.0    839
 NaN    342
 3.0     25
 2.0     14
 1.0     11
-1.0      4

--- U22 (Total Unique: 7) ---
U22
 0.0    789
 NaN    398
 3.0     27
 2.0     12
 1.0      4
-1.0      4
 6.0      1

--- U23 (Total Unique: 6) ---
U23
 0.0    608
 NaN    603
 2.0      8
 3.0      8
-1.0      7
 1.0      1

--- U24 (Total Unique: 6) ---
U24
 0.0    630
 NaN    577
 3.0      9
 2.0      8
 1.0      6
-1.0      5

--- U25 (Total Unique: 6) ---
U25
 NaN    673
 0.0    534
 1.0      9
-1.0      7
 2.0      6
 3.0      6

--- U26 (Total Unique: 6) ---
U26
 0.0    785
 NaN    326
 1.0     62
 3.0     31
 2.0     28
-1.0      3

--- U27 (Total Unique: 6) ---
U27
 NaN    786
 0.0    361
-1.0     39
 3.0     20
 1.0     15
 2.0     14

--- L37 (Total Unique: 6) ---
L37
 NaN    721
 0.0    403
 1.0     33
-1.0     33
 3.0     24
 2.0     21

--- L36 (Total Unique: 8) ---
L36
 0.0    750
 NaN    299
 1.0     90
 3.0     63
 2.0     28
-1.0      3
 4.0      1
 6.0      1

--- L35 (Total Unique: 6) ---
L35
 NaN    667
 0.0    548
 2.0      8
-1.0      8
 1.0      3
 3.0      1

--- L34 (Total Unique: 7) ---
L34
 0.0    635
 NaN    579
 2.0     11
-1.0      6
 3.0      2
 4.0      1
 1.0      1

--- L33 (Total Unique: 5) ---
L33
 0.0    675
 NaN    545
 2.0      9
-1.0      4
 3.0      2

--- L32 (Total Unique: 7) ---
L32
 0.0    881
 NaN    339
 2.0      6
-1.0      5
 6.0      2
 4.0      1
 3.0      1

--- L31 (Total Unique: 6) ---
L31
 0.0    951
 NaN    274
-1.0      4
 2.0      3
 1.0      2
 6.0      1

--- L41 (Total Unique: 6) ---
L41
 0.0    948
 NaN    275
-1.0      4
 2.0      4
 1.0      3
 3.0      1

--- L42 (Total Unique: 6) ---
L42
 0.0    880
 NaN    340
-1.0      5
 2.0      5
 6.0      4
 3.0      1

--- L43 (Total Unique: 5) ---
L43
 0.0    672
 NaN    548
 2.0      8
-1.0      4
 3.0      3

--- L44 (Total Unique: 7) ---
L44
 0.0    632
 NaN    580
 2.0     11
-1.0      5
 3.0      5
 1.0      1
 4.0      1

--- L45 (Total Unique: 6) ---
L45
 NaN    671
 0.0    541
 2.0      8
-1.0      7
 3.0      6
 1.0      2

--- L46 (Total Unique: 7) ---
L46
 0.0    752
 NaN    288
 1.0    110
 3.0     50
 2.0     31
-1.0      3
 6.0      1

--- L47 (Total Unique: 6) ---
L47
 NaN    738
 0.0    374
-1.0     39
 1.0     38
 2.0     24
 3.0     22

--- u55 (Total Unique: 7) ---
u55
NaN    579
0.0    533
3.0     71
1.0     37
8.0     10
2.0      4
6.0      1

--- u54 (Total Unique: 6) ---
u54
NaN    669
0.0    488
3.0     45
1.0     27
2.0      3
8.0      3

--- u53 (Total Unique: 6) ---
u53
NaN    659
0.0    547
3.0     20
2.0      4
1.0      3
8.0      2

--- u52 (Total Unique: 6) ---
u52
NaN    864
0.0    333
3.0     34
8.0      2
2.0      1
1.0      1

--- u51 (Total Unique: 5) ---
u51
NaN    913
0.0    265
3.0     48
1.0      6
2.0      3

--- u61 (Total Unique: 6) ---
u61
NaN    903
0.0    273
3.0     45
1.0      7
2.0      5
8.0      2

--- u62 (Total Unique: 5) ---
u62
NaN    861
0.0    335
3.0     30
1.0      6
2.0      3

--- u63 (Total Unique: 6) ---
u63
NaN    664
0.0    539
3.0     24
2.0      4
1.0      3
8.0      1

--- u64 (Total Unique: 7) ---
u64
NaN    669
0.0    491
3.0     44
1.0     24
2.0      4
8.0      2
6.0      1

--- u65 (Total Unique: 7) ---
u65
NaN    588
0.0    539
3.0     60
1.0     39
2.0      4
8.0      4
4.0      1

--- l75 (Total Unique: 6) ---
l75
NaN    587
0.0    503
1.0     67
3.0     66
2.0      8
8.0      4

--- l74 (Total Unique: 6) ---
l74
NaN    666
0.0    459
3.0     59
1.0     46
2.0      4
8.0      1

--- l73 (Total Unique: 6) ---
l73
NaN    717
0.0    502
3.0     12
8.0      2
2.0      1
5.0      1

--- l72 (Total Unique: 6) ---
l72
NaN    913
0.0    317
3.0      2
2.0      1
5.0      1
8.0      1

--- l71 (Total Unique: 5) ---
l71
NaN    959
0.0    271
8.0      2
3.0      2
2.0      1

--- l81 (Total Unique: 5) ---
l81
NaN    958
0.0    273
3.0      2
5.0      1
2.0      1

--- l82 (Total Unique: 5) ---
l82
NaN    913
0.0    316
3.0      3
8.0      2
5.0      1

--- l83 (Total Unique: 5) ---
l83
NaN    708
0.0    513
3.0     12
1.0      1
4.0      1

--- l84 (Total Unique: 6) ---
l84
NaN    664
0.0    447
3.0     69
1.0     51
2.0      3
8.0      1

--- l85 (Total Unique: 7) ---
l85
NaN    579
0.0    496
1.0     76
3.0     73
2.0      7
8.0      2
4.0      2

--- needTOBEtreated (Total Unique: 2) ---
needTOBEtreated
No Treatment Required    884
Treatment Required       351

--- emergency (Total Unique: 2) ---
emergency
NaN                          1188
Urgent Treatment Required      47

--- emergencyInMonths (Total Unique: 7) ---
emergencyInMonths
NaN     924
3.0     152
1.0      76
6.0      67
2.0      13
12.0      2
4.0       1

--- gingivitis (Total Unique: 2) ---
gingivitis
No Gingivitis    940
Gingivitis       295

--- occlusalRelationship (Total Unique: 7) ---
occlusalRelationship
Normal Occlusion        921
Crowding                218
Others                   33
Maxillary Protrusion     28
Open Bite                18
Anterior Crossbite       12
Crossbite                 5

--- habits (Total Unique: 6) ---
habits
NaN                 1168
Nail biting           35
Digit Sucking         22
Others                 8
Tongue Thrusting       1
Smoking                1

--- OralCleanStatus (Total Unique: 3) ---
OralCleanStatus
Fair    809
Good    223
Poor    203

--- dentists (Total Unique: 5) ---
dentists
1.0    396
2.0    337
3.0    300
NaN    134
4.0     68

--- dental_hygienist (Total Unique: 4) ---
dental_hygienist
NaN    857
2.0    306
1.0     66
3.0      6

--- wake_up (Total Unique: 7) ---
wake_up
NaN    1102
2.0      71
1.0      42
6.0      12
3.0       6
5.0       1
4.0       1

--- breakfast (Total Unique: 4) ---
breakfast
NaN    1102
1.0      92
2.0      36
3.0       5

--- morning_brushing (Total Unique: 4) ---
morning_brushing
NaN    1102
1.0      78
2.0      31
3.0      24

--- school (Total Unique: 5) ---
school
NaN    1103
1.0      92
2.0      26
3.0      13
4.0       1

--- bedtime (Total Unique: 6) ---
bedtime
NaN    1102
2.0      53
3.0      29
1.0      19
4.0      18
5.0      14

--- night_brushing (Total Unique: 4) ---
night_brushing
NaN    1102
1.0     107
2.0      21
3.0       5

--- TV (Total Unique: 3) ---
TV
NaN    1102
2.0      76
1.0      57

--- game (Total Unique: 4) ---
game
NaN    1102
2.0      83
1.0      48
3.0       2

--- meal (Total Unique: 4) ---
meal
NaN    1102
1.0      75
2.0      39
3.0      19

--- extra_lesson (Total Unique: 3) ---
extra_lesson
NaN    1102
2.0      73
1.0      60

--- Perm_D (Total Unique: 12) ---
Perm_D
0.0     1069
1.0       75
2.0       33
3.0       26
4.0       10
5.0        7
6.0        5
8.0        4
11.0       3
14.0       1
7.0        1
9.0        1

--- Perm_M (Total Unique: 3) ---
Perm_M
0.0    1232
1.0       2
2.0       1

--- Perm_F (Total Unique: 10) ---
Perm_F
0.0     1047
1.0       62
2.0       50
3.0       26
4.0       26
5.0        9
6.0        7
8.0        5
10.0       2
17.0       1

--- Baby_d (Total Unique: 17) ---
Baby_d
0.0     1008
1.0       87
2.0       42
3.0       23
4.0       21
5.0       20
8.0        8
6.0        5
10.0       4
13.0       3
7.0        3
12.0       3
14.0       2
16.0       2
9.0        2
19.0       1
11.0       1

--- Baby_m (Total Unique: 3) ---
Baby_m
0.0    1232
1.0       2
2.0       1

--- Baby_f (Total Unique: 10) ---
Baby_f
0.0     1077
1.0       65
2.0       36
3.0       24
5.0       10
4.0        9
7.0        6
6.0        5
8.0        2
11.0       1

--- Perm_DMFT (Total Unique: 18) ---
Perm_DMFT
0.0     958
2.0      72
1.0      71
3.0      48
4.0      28
6.0      17
5.0      11
8.0       8
7.0       6
13.0      3
10.0      3
9.0       2
12.0      2
11.0      2
18.0      1
14.0      1
17.0      1
15.0      1

--- Baby_DMFT (Total Unique: 18) ---
Baby_DMFT
0.0     931
1.0      79
2.0      66
4.0      37
3.0      31
5.0      29
6.0      17
8.0      11
9.0       7
7.0       6
10.0      4
12.0      4
11.0      4
14.0      3
13.0      2
16.0      2
19.0      1
17.0      1

--- Perm_DMFT_C0 (Total Unique: 19) ---
Perm_DMFT_C0
0.0     905
2.0      81
1.0      76
3.0      47
4.0      33
6.0      22
7.0      15
8.0      14
5.0      11
10.0      6
9.0       5
13.0      5
11.0      5
14.0      3
15.0      2
12.0      2
20.0      1
16.0      1
18.0      1

--- Baby_DMFT_C0 (Total Unique: 18) ---
Baby_DMFT_C0
0.0     918
1.0      83
2.0      67
4.0      39
3.0      31
5.0      29
6.0      20
8.0      11
9.0       8
7.0       7
11.0      5
14.0      4
10.0      4
12.0      3
16.0      2
13.0      2
19.0      1
17.0      1

--- DMFT_Index (Total Unique: 20) ---
DMFT_Index
0.0     719
2.0     111
1.0     110
3.0      70
4.0      58
5.0      44
6.0      36
8.0      21
9.0      13
10.0     12
7.0      11
11.0      8
12.0      6
13.0      5
14.0      4
16.0      2
17.0      2
18.0      1
19.0      1
15.0      1

--- DMFT_C0 (Total Unique: 21) ---
DMFT_C0
0.0     675
2.0     111
1.0     109
3.0      73
4.0      54
5.0      44
6.0      44
8.0      25
7.0      25
9.0      16
10.0     15
11.0     12
14.0      8
13.0      8
12.0      6
16.0      3
20.0      2
15.0      2
19.0      1
17.0      1
18.0      1

--- Present_Teeth (Total Unique: 15) ---
Present_Teeth
28.0    359
24.0    268
20.0    263
23.0     77
22.0     57
26.0     53
25.0     45
21.0     33
27.0     27
19.0     20
18.0     13
16.0     11
17.0      4
29.0      4
12.0      1

--- Present_Perm_Teeth (Total Unique: 29) ---
Present_Perm_Teeth
28.0    350
0.0     258
12.0     96
24.0     61
26.0     54
27.0     30
10.0     28
22.0     26
20.0     25
25.0     25
13.0     25
21.0     24
11.0     21
8.0      19
23.0     19
14.0     18
6.0      18
15.0     17
2.0      16
4.0      15
18.0     15
16.0     13
17.0     11
5.0      11
3.0      10
9.0       9
19.0      9
7.0       7
1.0       5

--- Present_Baby_Teeth (Total Unique: 21) ---
Present_Baby_Teeth
0.0     506
20.0    241
12.0    106
18.0     35
2.0      35
1.0      34
10.0     28
3.0      28
16.0     27
4.0      26
11.0     24
14.0     24
8.0      20
9.0      19
19.0     17
15.0     14
6.0      12
5.0      11
7.0      10
17.0     10
13.0      8

--- Healthy_Rate (Total Unique: 105) ---
Healthy_Rate
100.0    677
75.0      31
96.4      31
92.9      30
91.7      29
95.8      27
89.3      23
90.0      17
79.2      16
78.6      15
83.3      15
71.4      14
85.7      14
95.0      12
87.5      11
80.0      11
92.0      10
87.0       9
66.7       9
85.0       8
96.0       8
82.1       8
70.8       7
88.0       7
64.3       7
95.7       7
92.3       6
95.2       6
92.6       6
50.0       5
78.9       5
90.9       5
96.2       5
53.6       5
95.5       4
55.0       4
90.5       4
60.0       4
73.9       4
78.3       4
70.0       4
82.6       4
91.3       3
62.5       3
84.0       3
88.9       3
88.5       3
30.0       3
81.8       3
76.9       3
56.5       3
84.2       3
86.4       3
40.0       3
60.7       3
96.3       2
72.7       2
60.9       2
45.0       2
64.7       2
77.3       2
73.7       2
57.1       2
20.0       2
45.8       2
57.7       2
96.6       2
65.0       2
67.9       2
81.0       2
46.4       2
54.2       2
65.2       2
68.0       1
43.5       1
33.3       1
84.6       1
47.6       1
56.0       1
15.0       1
68.2       1
51.9       1
94.4       1
35.7       1
16.7       1
94.7       1
61.9       1
39.1       1
65.4       1
28.6       1
58.3       1
82.8       1
41.2       1
47.8       1
20.8       1
89.7       1
85.2       1
93.8       1
69.6       1
77.8       1
68.8       1
48.1       1
42.9       1
44.4       1
52.6       1

--- C0_Count (Total Unique: 12) ---
C0_Count
0.0     1075
1.0       65
2.0       42
4.0       16
3.0       12
5.0        8
7.0        6
8.0        5
6.0        3
9.0        1
10.0       1
12.0       1

--- Care_Index (Total Unique: 42) ---
Care_Index
NaN      719
0.0      192
100.0    157
50.0      40
33.3      22
66.7      15
25.0      11
75.0       7
80.0       7
16.7       5
83.3       5
60.0       5
37.5       4
40.0       3
88.9       3
87.5       3
20.0       3
30.0       3
57.1       2
90.9       2
85.7       2
11.1       2
71.4       2
7.7        2
70.0       2
76.9       1
61.5       1
77.8       1
18.2       1
14.3       1
35.3       1
12.5       1
23.5       1
27.3       1
62.5       1
54.5       1
7.1        1
44.4       1
90.0       1
94.4       1
22.2       1
26.7       1

--- Trauma_Count (Total Unique: 1) ---
Trauma_Count
0.0    1235

--- RDT_Count (Total Unique: 3) ---
RDT_Count
0.0    1199
1.0      31
2.0       5

--- UTN_Score (Total Unique: 42) ---
UTN_Score
0.0      879
100.0    189
50.0      40
66.7      22
33.3      15
75.0      11
20.0       7
25.0       7
83.3       5
40.0       5
16.7       5
62.5       4
70.0       3
12.5       3
11.1       3
60.0       3
14.3       2
9.1        2
80.0       2
77.8       2
28.6       2
30.0       2
88.9       2
42.9       2
37.5       1
91.7       1
22.2       1
81.8       1
85.7       1
64.7       1
87.5       1
76.5       1
38.5       1
45.5       1
92.3       1
72.7       1
92.9       1
5.6        1
55.6       1
10.0       1
23.1       1
73.3       1

--- life_stage (Total Unique: 3) ---
life_stage
Middle Childhood    498
Adolescence         493
Early Childhood     244

